times
5650.236429301029
5650.236429301029
5656.761954510813
5663.287684908853
5669.812116646928
5676.337601622587
5682.864334976332
5689.390994356677
5695.915360903126
5702.439677417728
5708.965253610513
5715.490873079191
5722.018721940497
5728.54220443623
5735.0679528995615
5741.5906670360655
5748.116387653914
5754.641314448688
5761.165956809308
5767.69190402207
5774.216687560149
5780.741520424476
5787.269487568333
5793.792590062088
5800.3188826699925
5806.8455009146655
5813.3684315312175
5819.895957956453
5826.420206290952
5832.946182666099
5839.471344795938
5845.997034564345
5852.5234195388475
5859.04783535664
5865.57360626228
5872.096603212161
5878.6227927841555
5885.147445387879
5891.672035940464
5898.197075024024
5904.721582096355
5911.24703935973
5917.7715504613225
5924.295134998959
5930.821668279106
5937.3481009868665
5943.873258194943
5950.400379685308
5956.923133545241
5963.447720062278
5969.975204007312
5976.502676873908
5983.031131570793
5989.555004575846
5996.082155744999
6002.609163938836
6009.135145348457
6015.660875190553
6022.1887590973665
6028.716098894165
6035.240048449314
6041.765932498909
6048.291730720775
6054.818332082545
6061.343641899018
6067.869392824357
6074.397258216989
6080.925084203006
6087.44924763963
6093.9719431875965
6100.495762103506
6107.023587243981
6113.551356147946
6120.076648577819
6126.601349577538
6133.126603253661
6139.651806790468
6146.177281791821
6152.702665118494
6159.228586451267
6165.7566137496415
6172.2826835001115
6178.807230296077
6185.333741163119
6191.8600553634005
6198.386960045673
6204.913441314019
6211.438929776455
6217.964199506904
6224.489101006641
6231.015731159169
6237.543589740912
6244.06928983106
6250.594133341374
6257.121246439743
6263.64498843809
6270.17056947866
6276.69600889731
6283.221579236695
6289.749660742261
6296.275390252937
6302.801090522821
6309.326944868923
6315.853642457555
6322.377830046424
6328.9022481760385
6335.428556737868
6341.955308844043
6348.482204464205
6355.006600461613
6361.530756426433
6368.056908774935
6374.582108792032
6381.110094781211
6387.635811271499
6394.16070131215
6400.687207039027
6407.215709333108
6413.743107354101
6420.2691881285455
6426.794303954052
6433.3196587982875
6439.843349525921
6446.368614877413
6452.89415976546
6459.4200416730355
6465.948727293148
6472.47232028534
6478.997936016934
6485.524043635508
6492.04909776112
6498.575062209192
6505.1013971454695
6511.626053418507
6518.153775219133
6524.681326552876
6531.208080691722
6537.734677175143
6544.2619604950505
6550.787601967771
6557.315737309215
6563.841592866131
6570.368518731435
6576.89361488397
6583.418859826691
6589.944583442148
6596.4692782889615
6602.9942248000025
6609.519390277806
6616.044318221968
6622.570467070398
6655.19568679577
6687.822918726557
6720.4529638703425
6753.076483177549
6785.707027418594
6818.334082515807
6850.967453723092
6883.592020911156
6916.220512440751
6948.84946797239
6981.477783112243
7014.106456163637
7046.737518007997
7079.367035062169
7111.996220372043
7144.618919676106
7177.251782097368
7209.881284453085
7242.510129177756
7275.134767911187
7307.766723865332
7340.395496090723
7373.022242241449
7405.65294756327
7438.28544064719
7470.912118272076
7503.540157759862
7536.170137918473
7568.797647238865
7601.426530791766
7634.056208245346
7666.6893987198255
7699.317024699789
7731.943169781249
7764.573286296623
7797.201343550426
7829.829829443008
7862.45833956339
7895.085766936727
7927.7152716575165
7960.345222260436
7992.9732414901555
8025.6054490481065
8058.230632912342
8090.854681653767
8123.486977945869
8156.113118395275
8188.7441130443
8221.370620383375
8254.000728926201
8286.627839996741
8319.260415191624
8351.887072756874
8384.517999562464
8417.147411505812
8449.776736248727
8482.408497697043
8515.035826517294
8547.661067763996
8580.291886499615
8612.919226460956
8645.547231939674
8678.178080973541
8710.80373776252
8743.433071246083
8776.062763062047
8808.688733354955
8841.318975366972
8873.95092854466
8906.572898022954
8939.202309240975
8971.82620214946
9004.448134137787
9037.075279319766
9069.70612683032
9102.336025776864
9134.962631045228
9167.592896373531
9200.2213270597
9232.853615898712
9265.482830053024
9298.115193587366
9330.744490106941
9363.370550145974
9396.00174856297
9428.629715650817
9461.26152258466
9493.887602546974
9526.5154311759
9559.143403367641
9591.772214382765
9624.397586460773
9657.02760453632
9689.656470927537
9722.282810409675
9754.916890047769
9787.548017391548
9820.176246074954
9852.807236561819
9885.434059070436
9918.059925197269
9950.691045810736
9983.32288765578
10015.948647058713
10048.579179746283
10081.20994330602
10113.842228093486
10146.473573447893
10179.09882405124
10211.72315674513
10244.35112456448
10276.981180369112
10309.610362175432
10342.242034818184
10374.872349772664
10407.499055094377
10440.12628453945
10472.757085986941
10505.38390268442
10538.005860537993
10570.63582546283
10603.26365572698
10635.889374911503
10668.520273476839
10701.149417897592
10733.777894886844
10766.40628529207
10799.032930289228
10831.661623350456
10864.289372930214
10896.917748782891
10929.547220288463
10962.176599619086
10994.805267687607
11027.431848620346
11060.05504252585
11092.683805473633
11125.310745241497
11157.937992930078
11190.56626937543
11223.193834039172
11255.822687569678
11288.449727818852
11321.079681558222
11353.707146207693
11386.340916527606
11418.970572801472
11451.603502455719
11484.234991529598
11516.867645470094
11549.497726749001
11582.127430345849
11614.753641462377
11647.383978910539
11680.012406891005
11712.644434365046
11745.273599513608
11777.903031726628
11810.531150330435
11843.156570858817
11875.784891110234
11908.412669258683
11941.038649770751
11973.669943974168
12006.29583503977
12038.927002848091
12071.556958798315
12104.185268145051
12136.819022353835
12169.451582488315
12202.080476204375
12234.7130485437
12267.339584306295
12299.971350640462
12332.60183028744
12365.232973316326
12397.858839508128
12430.484853981345
12463.111945363415
12495.740053235693
12528.370236288125
12561.002926521149
12593.636688959034
12626.265599302076
12658.891351395054
12691.520153543199
12724.14471807918
12756.770545690555
12789.400218661574
12822.02731348955
12854.651770341981
12887.28228322378
12919.909015080473
12952.536771216444
12985.172381417027
13017.79725182837
13050.421509434616
13083.049131198763
13115.674167789764
13148.305045420435
13180.931315221695
13213.562134904936
13246.19245852718
13278.824196317251
13311.453886969424
13344.079451157222
13376.707278787939
13409.335182184512
13441.965214249662
13474.593710671394
13507.221570333093
13539.848463580605
13572.476111316799
13605.104150269553
13637.735723010224
13670.362903071422
13702.98961387288
13735.615027696947
13768.240822069132
13800.865518159748
13833.498187291994
13866.128586012015
13898.751032605505
13931.385937486799
13964.019093253402
13996.647188077717
14029.274864849927
14061.896906255117
14094.521156969477
14127.14951178293
14159.776984178563
14192.405782331623
14225.038327035181
14257.66815965959
14290.3001704225
14322.925885421486
14355.557602236338
14388.185144148396
14420.816942211033
14453.447233081344
14486.081420467479
14518.70600707719
14551.336345221733
14583.968730572451
14616.594337403356
14649.22435884844
14681.847797506332
14714.472744718738
14747.100149150965
14779.729098194533
14812.354282196544
14844.985390285348
14877.611261586735
14910.237486561611
14942.866849315653
14975.49681281629
15008.130126732109
15040.756123076722
15073.389741714836
15106.011545503174
15138.644094090134
15171.269289055619
15203.902117900754
15236.534515527133
15269.167243105363
15301.794253198494
15334.42427012026
15367.057148921429
15399.681939143087
15432.306903551394
15464.943117473127
15497.576187717099
15530.205891296482
15562.834053930403
15595.45580605749
15628.083818254787
15660.713556168299
15693.345139676268
15725.970784937273
15758.60145715334
15791.23081984568
15823.855333715694
15856.480863124849
15889.10482964056
15921.735459059724
15954.364532527743
15986.995816513341
16019.623399117434
16052.251307400376
16084.882822343538
16117.512114030906
16150.141533133357
16182.777109949488
16215.406032094153
16248.036525800595
16280.666264145457
16313.29041742336
16345.911429836979
16378.541328208581
16411.17359484983
16443.802485767563
16476.43269323545
16509.059641395805
16541.693949638862
16574.322275779086
16606.95164141573
16639.57698374759
16672.20770162974
16704.841412114816
16737.468104531614
16770.09361505601
16802.725720645438
16835.350507089097
16867.97770383582
16900.604504336603
16933.2314508871
16965.866104949073
16998.49423251583
17031.123907499863
17063.750035516507
17096.38117009849
17129.012070327295
17161.641069354104
17194.26365924848
17226.890299395156
17259.516751420015
17292.148436184954
17324.7729330574
17357.40335827848
17390.032695070055
17422.65635502892
17455.282432816584
17487.910705093895
17520.539497810292
17553.171149910242
17585.800262509572
17618.429924335956
17651.05678847872
17683.689182050948
17716.32007544615
17748.945717444753
17781.570979905893
17814.201851779384
17846.831675833982
17879.464825355903
17912.091485228902
17944.72011621019
17977.353549485906
18009.98929851202
18042.617292878742
18075.248927911813
18107.879037330586
18140.503923026772
18173.131504859346
18205.76417483973
18238.39098344674
18271.01757704001
18303.64442973996
18336.27565004596
18368.903519823365
18401.536133102993
18434.16397122859
18466.792345450955
18499.416523645683
18532.04567083372
18564.672013315412
18597.29984916875
18629.925056903165
18662.55332800266
18695.181163352623
