z=1	z=5	z=10	z=20	z=30	z=60	
94.85226666666763	331.9829333333355	521.6874666666733	1090.8010666666928	1849.6192000000212	5643.709866666577	
241.12884138447558	452.9613627182285	667.8766632467716	1199.4917624811765	1928.1769733980282	5671.753681556372	
378.94286992163353	572.6288014884118	814.1602999071287	1307.8168380008688	2006.9840109980864	5699.87561243594	
498.73820771930417	692.6253557663131	958.8062948190774	1417.1557637576095	2085.8858758714773	5727.899798700204	
610.6977019500963	813.248184184224	1062.9263280729922	1525.7203485536252	2164.917479181599	5755.995474150971	
713.366696513793	918.15001390548	1162.6083579456251	1634.6185644742616	2243.4598739327585	5783.973461775768	
808.4676403842104	1016.2236680712923	1262.3245172894144	1743.6341868981383	2322.0654978600132	5812.049818586953	
900.2081253373741	1114.3267808173432	1362.3529825846147	1851.757941618417	2400.5273364671225	5840.097823194084	
980.8784673115365	1209.1147230650176	1461.7801321012823	1959.7190073212905	2479.1439451506944	5868.162307383984	
1062.0965382874112	1294.9320427575556	1561.0915256984601	2068.6141269175214	2557.7994136615966	5896.251517646459	
1143.4155931306063	1380.8380797943944	1660.4595431815617	2158.4688239834504	2636.5417685858915	5924.327207355694	
1222.5246647349165	1467.0226695370472	1738.4057282270257	2236.9085855951985	2715.0608477183728	5952.470286200814	
1294.4563090339575	1551.0818685120626	1814.190163907047	2315.4333920842196	2793.904094582884	5980.50036359013	
1366.8374212057497	1624.9125769282416	1890.561923335814	2393.8191948412054	2872.7366312177446	6008.607733802832	
1439.0079415493217	1698.5605242702932	1966.3999466506573	2472.1979927359944	2951.5137823893574	6036.695614989543	
1508.4535019460945	1772.3793046030396	2042.3407429995993	2550.515802219236	3029.971018655265	6064.819037360977	
1574.1899051191804	1846.5308818288818	2118.159410602373	2628.9366574196306	3108.89893313775	6092.905234273699	
1639.9388307323745	1920.2448540275764	2194.3685755515417	2707.432555913407	3187.66871971152	6120.985627806075	
1706.0748891470148	1994.6077798198287	2270.37177763364	2785.888480682738	3266.493155545746	6149.063450525243	
1767.5953756766796	2062.026671290558	2345.304016219854	2864.1960340997093	3345.5328822476736	6177.186724212716	
1825.3332055688938	2123.282881103328	2411.2066423163874	2942.0124848775586	3424.780413311093	6205.297559139205	
1876.0370732716453	2184.4291534631684	2477.201246122519	3020.187705351631	3503.4049584389936	6233.388128627179	
1922.2062325649777	2245.4558979390467	2543.1535673895214	3098.412713008493	3581.977192017069	6261.463734343314	
1968.5124118704591	2306.3999013084626	2609.2521782055082	3176.6875149542375	3660.837030603597	6289.542722398352	
2006.6530866908902	2367.509093737967	2675.4097067436883	3255.0310776188926	3739.7277810499754	6317.587184919062	
2044.8696267258483	2428.8892736074667	2741.5038427318723	3317.9212150650255	3818.475593600874	6345.710226598844	
2083.072901414538	2489.9706012922175	2807.7079544450467	3376.7035432360376	3897.3087279758147	6373.7931908717055	
2121.006622700749	2539.439108744192	2873.680429555327	3435.526318456573	3975.890465687191	6401.867188450054	
2159.446912363335	2582.691953908626	2939.4228166556923	3494.1672463906707	4054.66189840545	6429.956009297045	
2197.8967776578465	2625.705826442128	2999.2478562160545	3552.85207575742	4133.370794744043	6458.044439118245	
2235.8779234871567	2668.5647033932755	3048.633955495954	3611.6203782519137	4212.1597548490645	6486.11095938606	
2273.74750917027	2711.5571186797024	3088.679339810205	3670.287714960729	4291.0316258002385	6514.152883050779	
2312.081169508465	2754.8223994456616	3128.518658395762	3728.870819433715	4342.0068465607865	6542.2779913313	
2350.250330146801	2797.9099486105674	3168.5197624001257	3787.5534565904104	4390.122100422515	6570.3122495246025	
2385.8943277700578	2841.1073296266795	3208.4289949424256	3846.2879407906466	4438.360944026167	6598.467524982716	
2415.594387531205	2884.4113092865523	3248.4455019628062	3904.9747985044605	4486.626604820912	6626.568148932164	
2445.2377014960675	2918.139564570389	3288.3584942663065	3963.672740130657	4534.947336371819	6654.627128105938	
2474.976911744456	2947.8191490747763	3328.3259680620977	4022.3130520428326	4583.22471047753	6682.704053883596	
2504.6603015103624	2977.427811124	3368.2546536671766	4064.143466840404	4631.531768962542	6710.811653244817	
2534.3618239050948	3007.03435463471	3408.170117430998	4097.311212778297	4679.861083427676	6738.837800360012	
2564.0454945857327	3036.7006126185365	3448.1451454906874	4130.497074954515	4728.10126828353	6766.918064512546	
2593.576157952595	3066.4520907781657	3488.129300348468	4163.634401112656	4776.269500726567	6794.989931700431	
2623.1677172440063	3096.2212622728957	3528.2712786737493	4196.933463020841	4824.632658364292	6823.066846304035	
2652.817989015162	3126.047803678635	3568.4507670029434	4230.241026709893	4872.896949163875	6851.084713893497	
2682.4774455453276	3155.7045231003563	3608.630910957866	4263.48520027284	4921.246508010499	6879.238023079353	
2712.0716358604327	3185.485327308918	3648.604871222661	4296.7846013511635	4969.445105965182	6907.366276178486	
2741.825798783973	3215.1946258268476	3688.554346500488	4330.142653324782	5017.672642256081	6935.416289500713	
2771.4888819278567	3244.9939088014635	3728.570650951251	4363.468963885734	5065.927233727033	6963.494168905817	
2801.4291931568214	3274.537420010503	3768.48790936319	4396.923122941455	5114.137287535708	6991.557606097557	
2831.098851611994	3304.34445489436	3808.4631343047645	4430.111806844767	5162.414363380862	7019.662958316823	
2856.9059885321044	3333.968443117824	3848.5350514335837	4463.468714559895	5210.6450439844675	7047.781016373247	
2876.99709486695	3363.5712279281856	3888.3876660594206	4496.763879777778	5258.8647150900915	7075.889124329796	
2897.0802528607715	3393.180296760345	3928.2670258756816	4530.087745011012	5307.205647416962	7103.93304347479	
2917.185878981685	3422.8916362164027	3968.2388406103946	4563.40673527393	5355.402173836749	7132.052631194663	
2937.439591827878	3452.545212079881	4008.2795285144784	4596.611631759091	5403.566737343211	7160.052577729592	
2957.6927305785857	3482.171453843569	4045.9869964600634	4629.882532330962	5451.772295209621	7188.126435321013	
2977.9151797671975	3511.903613238558	4068.784169111576	4663.157290930227	5500.130143883233	7216.228106213229	
2997.9837836030856	3541.6650927477526	4091.503064357599	4696.513668713938	5548.400574018013	7244.309708821793	
3018.200857381615	3571.3008960164566	4114.224312210583	4729.7038798559515	5596.478870957698	7272.434865864326	
3038.369674186961	3600.9606058980635	4136.977282907544	4762.895393846069	5644.751481253184	7300.46145976852	
3058.5439460717375	3630.6098398895147	4159.5775541784815	4796.254306148809	5692.886873980189	7328.5577373731385	
3078.670133760359	3660.299476775095	4182.299100356374	4829.469086419607	5741.15286529848	7356.691086561683	
3098.6801604310244	3689.9972999952574	4204.8966327756625	4862.773721396629	5789.3932265086305	7384.771895295619	
3118.8971813744256	3719.752157317239	4227.570557039429	4896.05448195245	5837.814342764435	7412.877483726335	
3139.0811798947416	3749.519010818804	4250.29395186289	4929.345411897221	5886.174895755408	7441.032357205332	
3159.160443860754	3779.1652600395296	4272.9766696762845	4962.749052943988	5934.375881565795	7469.151563357668	
3179.1939222569777	3808.748004846067	4295.654670424711	4995.939349962969	5982.765688039883	7497.235782162616	
3199.427438763146	3838.5057379639047	4318.2801354624635	5029.268690692093	6031.183263956492	7525.338483175916	
3219.6438432483938	3868.2245346937284	4341.011403344434	5062.537425856745	6079.221599584412	7553.469616158429	
3239.884041593394	3897.930469956199	4363.760220027672	5095.840074751461	6127.400377991252	7581.60251412852	
3260.024466082773	3927.706283551508	4386.396731891458	5129.038812403948	6175.6091704561395	7609.711466656542	
3280.1685563882365	3953.584656971331	4409.110105933317	5162.335231056126	6223.735960106621	7637.792199373138	
3300.4169832359466	3969.8158890127625	4431.765445444611	5195.525194548525	6271.923605971913	7665.8522295846415	
3320.5213990162492	3986.1241853900456	4454.475075355051	5228.834002038454	6320.460164913804	7693.895335972271	
3340.7027305453908	4002.420021726711	4477.1984359627	5262.106426856144	6368.665776341676	7721.981353080663	
3360.9080427988683	4018.6577094521454	4499.89769084775	5295.360212414559	6417.009362563434	7750.023844523679	
3381.1809976962154	4034.999833721695	4522.672941735163	5328.618143767762	6465.34102097387	7778.091091686785	
3401.2124505597158	4051.347269563266	4545.345861080609	5361.925364786664	6513.5062926532755	7806.140595209493	
3421.4409867317963	4067.5956423206267	4568.0831296939	5395.125863618119	6561.7352750990785	7834.241892043422	
3441.5525405065596	4083.801148594142	4590.6185798611605	5428.398532705751	6609.950975384853	7862.356705067367	
3461.729190289662	4099.987032077845	4613.334109635871	5461.689342138586	6657.991090199738	7890.396639192948	
3481.8253949291097	4116.2955255484285	4636.059972811227	5494.803114421441	6706.040457585914	7918.455867253709	
3502.026298455623	4132.587094473255	4658.847494114566	5528.169431169596	6743.248525467306	7946.58120451474	
3519.5840195613373	4148.853097750384	4681.5006484437545	5561.3820330445105	6756.69039928271	7974.6641102229	
3528.3172817141	4165.096291231538	4704.130710545024	5594.682508357184	6770.076776550015	8002.724845751681	
3537.079540184989	4181.4360382304985	4726.8794229335745	5628.109505432619	6783.514175676905	8030.733760865856	
3545.778199122163	4197.752118327052	4749.501418718217	5661.311356473673	6796.926157422498	8058.855524346347	
3554.473681340335	4214.077534866892	4772.211471507667	5694.681612747876	6810.368274201214	8086.96784046946	
3563.129485577594	4230.339700437062	4794.8749765443135	5727.881921794039	6823.783081912485	8115.010338703849	
3571.819958169034	4246.639183801622	4817.6283428347815	5761.060931473707	6837.168199991282	8143.071335342051	
3580.518110279937	4262.981233421685	4840.337514746972	5794.302713092709	6850.562036599545	8171.089445680809	
3589.2138743018213	4279.280359791985	4863.145457210291	5827.728405172173	6863.987790838682	8199.106495897384	
3597.890252765354	4295.643781699547	4885.951365564133	5860.907441736731	6877.415963546757	8227.162843023714	
3606.588416946275	4311.9739181221175	4908.720095999589	5894.089000911197	6890.812127889923	8255.185992580911	
3615.357962144778	4328.194054936415	4931.45650765394	5927.381629566299	6904.2348537363005	8283.211415776697	
3624.030469428449	4344.436474014836	4954.226462707822	5960.584260664179	6917.6011155377255	8311.325106749411	
3632.7216472945142	4360.704837997378	4976.951804955807	5993.739881883885	6931.014501772583	8339.472633228108	
3641.4633500875207	4376.977944098778	4999.651534722034	6026.984532278252	6944.454908934767	8367.526415739461	
3650.1280033428147	4393.252223722349	5022.2479341230965	6060.191458485565	6957.85766597293	8395.583488337152	
3658.8118225830276	4409.4729738304995	5044.958128894416	6093.531214413432	6971.265979164024	8423.67044945754	
3667.591212569492	4425.718094285147	5067.579911413975	6126.828056075525	6984.644368692333	8451.691158797063	
3676.260323144125	4441.974783976223	5090.257521359914	6159.986178141425	6998.047387870995	8479.72141242914	
3684.9606983106737	4458.2526318877	5112.896919023782	6193.325055894484	7011.449727874628	8507.814129543518	
3693.6720958415453	4474.5140856114585	5135.70636705297	6226.726290257773	7024.83158818062	8535.877383369083	
3702.3199134817946	4490.743000145121	5158.370471033656	6259.9491147868775	7038.241703924392	8563.932408001134	
3710.9588544994676	4507.051491928977	5180.978876329593	6293.301708369698	7051.6330654122885	8592.008026112138	
3719.6199513347983	4523.323292466298	5203.737861945211	6326.436722850477	7065.084626052966	8620.111780862533	
3728.3403002282516	4539.608644841193	5226.624080546785	6359.749386209638	7078.491495531318	8648.183508472313	
3737.0289352267537	4555.863626711715	5249.311477643815	6392.975429227948	7091.893583514774	8676.212716512238	
3745.730622597796	4572.140593338715	5271.991818754972	6426.20071007024	7105.287717268254	8704.300861333684	
3754.4264785302066	4588.508989860709	5294.766329581232	6459.638133674185	7118.737797620928	8732.33968044538	
3763.105297910006	4604.714393160843	5317.439241436939	6492.913636239569	7132.132705879628	8760.320210684456	
3771.7685678899643	4620.943181816509	5340.072459014041	6522.73467335829	7145.51515776663	8788.365107026992	
3780.5028299681667	4637.255656712617	5362.786524138604	6530.583658477026	7158.9096550584545	8816.414487751768	
3789.1973400604174	4653.541599390415	5385.495971132478	6538.412019557421	7172.299884465902	8844.44561792467	
3797.8955203782757	4669.8195328684105	5408.160301438345	6546.290419193703	7185.70361663225	8872.558250379785	
3806.574814203893	4686.119274843123	5430.89725569147	6554.103176816909	7199.071644993618	8900.680666144937	
3815.262410848087	4702.395640967095	5453.647522825906	6561.961826442755	7212.480674160688	8928.795008660885	
3823.9302982437694	4718.733947640089	5476.3806135769955	6569.810542700057	7225.864014278541	8956.77612738219	
3832.614374576681	4734.98280911813	5499.135501727711	6577.683015410772	7239.256125763575	8984.85869186885	
3841.306986575347	4751.30978902209	5521.858541365634	6585.53618897865	7252.644002012393	9012.921820700283	
3850.013948922345	4767.519063298123	5544.56875039357	6593.397011353938	7266.0502485939	9040.989030039682	
3858.6938145992444	4783.820037228775	5567.287617590724	6601.2485256024065	7279.451637309675	9069.03982611817	
3867.373195605564	4800.155573325082	5589.991118839132	6609.121913966769	7292.841128887965	9097.166087426453	
3876.110006014871	4816.460729469492	5612.681483462436	6616.969470517078	7306.263296639862	9125.242203740974	
3884.8310838222533	4832.774808974246	5635.406058103915	6624.830784067099	7319.719151565004	9153.334652328329	
3893.5747534193215	4849.093510668976	5658.130699993377	6632.680115075979	7333.124046881045	9181.37367398386	
3902.2698491009783	4865.378355186605	5680.792687475754	6640.502434411927	7346.4690499059725	9209.512698324477	
3911.0255063182212	4881.700136271466	5703.490024040822	6648.346499849529	7359.876866921676	9237.632938951987	
3919.7387699915594	4897.953921220421	5726.292352143963	6656.16995275591	7373.220314038459	9265.71187742907	
3928.4665169572277	4914.271238239347	5749.048254233061	6664.006431010101	7386.620038648085	9293.79001465014	
3937.1403769611256	4930.548271679903	5771.743393144833	6671.850573688316	7400.009614505951	9321.889772072402	
3945.8267194760597	4946.795808193156	5794.53193228877	6679.673781695105	7413.4199019668085	9349.977953540414	
3954.563410858848	4963.1189357912435	5817.264868061913	6687.527786413464	7426.841692229966	9378.053284519901	
3963.2248184614964	4979.374773623542	5839.877143520107	6695.384795681733	7440.277484989542	9406.180436454137	
3971.929498872389	4995.636545397528	5862.566393916521	6703.262898334056	7453.707440303586	9434.18730519738	
3980.566723921105	5011.895189732834	5885.251325533488	6711.082423924194	7467.106772546391	9462.284087267233	
3989.30065203294	5028.106148375865	5907.9090191347095	6718.942248587044	7480.538920927409	9490.369097910949	
3997.969018005745	5044.3645905426465	5930.563323139096	6726.787725569218	7493.982012714423	9518.469693433148	
4006.6939642754796	5060.7119139415645	5953.224448043211	6734.641957143151	7507.392669756716	9546.600259766985	
4015.3812492560646	5076.970309264423	5975.908810267626	6742.477952252243	7520.843381407627	9574.647421390955	
4024.0865727642145	5093.218313899251	5998.684831957409	6750.325417275367	7534.199822941961	9602.718116932778	
4032.774489533886	5109.544273216836	6021.317610628788	6758.199900001837	7547.610985286101	9630.79959654159	
4041.458233559761	5125.793927442318	6043.984958686486	6766.073617085467	7561.001635450383	9658.888604910398	
4050.120937119082	5142.026950083324	6066.748927418789	6773.924408990505	7574.409101905228	9686.9307155036	
4058.776130009169	5158.254201253923	6089.483578613473	6781.76790927046	7587.829799432251	9715.075740983866	
4067.4494622375005	5174.551669307139	6112.174023657258	6789.610341112879	7601.229517272971	9743.173548713228	
4076.1121295762973	5190.872309943871	6134.860881546253	6797.476693573073	7614.646227953143	9771.27686533893	
4084.8158160249773	5207.046591262288	6157.542353972572	6805.359872907711	7628.044348302829	9799.367262135573	
4093.5256748203888	5223.342066279623	6180.243162744563	6813.230668285112	7641.458646791291	9827.401367291262	
4102.206026709336	5239.667917422575	6202.9485296573375	6821.060700089757	7654.868682177853	9855.433689551188	
4145.674039296166	5321.060345669414	6316.573529210977	6860.309312126601	7721.889485291926	9995.948011449296	
4189.185129244516	5402.370846792457	6430.110023459786	6899.552617212039	7788.978516029731	10136.343042007247	
4232.777039196442	5483.835214664743	6543.44038487253	6938.779343653843	7855.960138856373	10276.83544718419	
4276.1771390848235	5565.2291505668345	6656.94527196238	6978.0296674141555	7923.010904718929	10417.096057716537	
4319.676696073968	5646.6641214804	6770.520179073012	7017.320597447656	7990.027644236741	10557.464294972384	
4363.108269021008	5728.268172754885	6866.520339194734	7056.482270308062	8057.121448376453	10697.77242752661	
4406.570935775176	5809.55535164873	6900.490038488591	7095.727709861797	8124.201498264296	10838.230484541844	
4450.187815345216	5890.879870760029	6934.450873495128	7134.973778984097	8191.277754273686	10978.554794317679	
4493.5640306943	5972.200780639338	6968.421977448638	7174.233272050094	8258.278766078656	11118.960303391219	
4537.057518276237	6053.728698296745	7002.393600596687	7213.460177547579	8325.284947477176	11259.537834114011	
4580.556587426231	6135.082075644995	7036.374423824512	7252.715167278208	8392.339783213183	11399.89732511533	
4623.983615691492	6216.41786843147	7070.330948103907	7291.938838528813	8459.369501220888	11540.333440831346	
4667.323669213803	6297.696265518298	7104.295016354213	7331.109588597065	8526.434216073656	11680.706230029915	
4710.710353147663	6379.146259156309	7138.254828879452	7370.333924630658	8593.430502642579	11821.096804514567	
4754.194783176254	6460.6243581780545	7172.255936886931	7409.642590610106	8660.585163184987	11961.382410896294	
4797.655153114967	6542.0891935196105	7206.230211191494	7448.91561582079	8727.615924380661	12101.912399680348	
4841.061739807057	6623.431407668836	7240.194028024428	7488.130064549925	8794.713711540362	12242.387586708099	
4884.6149602600035	6704.933066619972	7274.174892479055	7527.397519088748	8861.738634775073	12382.766547303721	
4928.05369481936	6786.291180168227	7308.157275443768	7566.689712584009	8928.838446159774	12523.151627710577	
4971.541661395052	6867.583933227749	7342.103720419959	7605.919817711243	8995.952574800132	12663.624859518948	
5015.148894247883	6948.898905955246	7376.075757844478	7645.188297623841	9062.963674134604	12804.009938320009	
5058.732206657448	7030.26321866888	7410.0543340251315	7684.437007405753	9130.034093982305	12944.387041659465	
5102.32828057943	7111.776454620401	7444.0089767687505	7723.625231245646	9197.100609265037	13084.900723038563	
5145.794216726697	7193.224540637134	7477.98152532756	7762.8590852396665	9264.231019055864	13225.34970790658	
5189.218987307818	7274.59338046986	7511.963153999244	7802.133654369019	9331.345459469969	13365.777666106318	
5232.563096761708	7355.824144294892	7545.941354986793	7841.357957226083	9398.372025740267	13506.10928339543	
5275.972484207302	7437.276397166337	7579.911369062161	7880.605904789897	9465.4186132395	13646.564484554643	
5319.5042668214055	7518.718179971569	7613.874848602125	7919.831151542493	9532.51179878564	13786.919440633621	
5362.933760373618	7599.949397244329	7647.82587790394	7959.056179691703	9599.574005544542	13927.322577010427	
5406.46784542542	7634.0083126972595	7681.785829890136	7998.305721655792	9666.667973612333	14067.868093673	
5449.984958837667	7667.17761590355	7715.7402853509875	8037.480502826331	9733.674684956379	14208.283105068589	
5493.392255770795	7700.349618498189	7749.696417636759	8076.760373997842	9800.743896077844	14348.667895998624	
5536.880169617078	7733.532316559749	7783.67260684752	8116.027474066095	9867.825191447968	14489.036190701814	
5580.310812336576	7766.7027112670685	7817.641254659397	8155.2820267180705	9934.889257180674	14629.488196216445	
5623.92921093186	7799.8756522659	7851.607760219468	8194.570835561128	10001.944079069093	14769.927634815132	
5667.302290220763	7833.04505230832	7885.580175789198	8233.795460915615	10068.996343012679	14910.375153075962	
5710.661732022755	7866.209153051831	7919.528827636331	8273.04760640593	10136.061111641713	15050.68816698208	
5754.129993730331	7899.388489465345	7953.50996541436	8312.311530253914	10203.20297910792	15191.222128752504	
5797.596146688645	7932.564992012098	7987.492217777137	8351.530081966826	10270.215333584421	15331.517994080754	
5841.099466392988	7965.728954180415	8021.465642106293	8390.80307086507	10337.310620054188	15472.094782318782	
5884.6234427248755	7998.8959120912095	8055.411525229032	8430.003948403306	10404.40674318032	15612.54906145655	
5928.076159628747	8032.071347531086	8089.389554360817	8469.19641088479	10471.450510813538	15752.785772067762	
5971.618933828887	8065.23672848677	8123.35553625008	8508.411147921466	10538.566927420463	15893.228623525172	
6015.114647236248	8098.405028202264	8157.3097896496065	8547.635866200455	10605.561716267466	16033.671966166841	
6058.624321450791	8131.580453483236	8191.285780037844	8586.875005548289	10672.720520459197	16174.158587207317	
6101.996911230033	8164.760650495404	8225.282705196038	8626.117785661594	10739.776511306163	16314.50644629209	
6145.505542267953	8197.922133154392	8259.23860764971	8665.307922479382	10806.72264020241	16454.974215824233	
6189.032797825227	8231.094527039577	8293.191745441747	8704.516094254574	10873.756683127525	16595.424598086138	
6232.645849384594	8264.26337084225	8327.169596981055	8743.796308407997	10940.832256598651	16735.879667489677	
6276.091394105955	8297.44635347985	8361.160139722711	8783.142068022049	11007.806077341213	16876.267938877558	
6319.715297743024	8330.611876854346	8395.12977851735	8822.385114374818	11074.93287646517	17016.744503595426	
6363.214715101889	8363.775594852152	8429.08743503401	8861.59659896133	11141.993857408543	17157.05602291888	
6406.728347874053	8396.94876683138	8463.059204995881	8900.840587362527	11209.042565407544	17297.434856481985	
6450.258994488896	8430.118730304977	8497.028454930982	8940.097413859987	11276.083918857652	17437.847309638117	
6493.797166494755	8463.284060074142	8531.014798935405	8979.358603724026	11343.199405514932	17578.168428910285	
6537.325140414337	8496.454671664751	8564.972845230583	9018.559761874974	11410.227628955095	17718.45569024698	
6580.8557145134455	8529.622055440392	8598.936829575849	9057.757128104427	11477.199203796297	17858.654873863514	
6624.392281426789	8562.788449467136	8632.890167761097	9097.002168261293	11544.332472070366	17998.928877728446	
6667.9391013262075	8595.953703645684	8666.85008963284	9136.255588231697	11611.423007731586	18139.303798784484	
6711.284322666577	8629.123751270869	8700.834681347751	9175.537068330545	11678.504187835086	18279.809065108744	
6754.827973370002	8662.284629740776	8734.787008586498	9214.874495909746	11745.558786681346	18420.118465189647	
6798.2653579326125	8695.440884334072	8768.726445166103	9254.060315818744	11812.55995766154	18560.67050190621	
6841.721352009821	8728.608253472688	8802.686243369477	9293.323372740968	11879.636686795415	18700.886786737832	
6885.131023981302	8761.775817201995	8836.638819590644	9332.610223212261	11946.754535469705	18841.234194972145	
6928.573218304681	8794.947185689804	8870.602752984752	9371.81789207049	12013.86016106713	18981.69692342478	
6972.139318039707	8828.121034458332	8904.574744595484	9411.072439203608	12080.920174214076	19122.194283536697	
7015.609002748934	8861.294262487407	8938.535797511186	9450.30127800713	12147.985476860302	19262.552011184493	
7059.042282749764	8894.466958393154	8972.5129082382	9489.584670772274	12215.087184631793	19403.09285622209	
7102.400203762602	8927.63503699541	9006.486873448997	9528.792845365495	12282.2127412783	19543.587472388066	
7145.823972053202	8960.804461955855	9040.443021687517	9568.028363820102	12349.259697089947	19684.070863829533	
7189.283622682328	8993.985750815003	9074.418898471195	9607.304173741948	12416.299024335747	19824.459886611487	
7232.836762832136	9027.150554794822	9108.370335731921	9646.507396248913	12483.39767338568	19964.855345712745	
7276.367318341766	9060.313794868725	9142.313529542042	9685.771949529755	12550.436388198495	20105.13493358141	
7319.633237946303	9093.490737492803	9176.28662904634	9725.037845257639	12617.527327890642	20245.466770120027	
7363.115372112856	9126.667159028306	9210.263145715384	9764.302163279854	12684.536369540023	20385.894620144103	
7406.635891249057	9159.855062150904	9244.241119772929	9803.592296269482	12751.510484087245	20526.528590381105	
7450.1338893735565	9193.018902892838	9278.195717087745	9842.85598759084	12818.544585967547	20666.75147186147	
7493.60917952592	9226.192704700969	9312.171029729785	9882.098730013271	12885.540625960259	20807.23943573726	
7537.101919472756	9259.355329869953	9346.11675996234	9921.336486777962	12952.567294804749	20947.598458798286	
7580.601477302385	9292.530872607667	9380.095921945684	9960.617074236026	13019.690146167217	21088.0462649725	
7624.0512740257645	9325.707896177579	9414.090365173897	9999.884489799919	13086.738698526651	21228.40344453985	
7667.50166889872	9358.881257349458	9448.067041142136	10039.127444760463	13153.836436924617	21368.728591008497	
7711.053970181253	9392.05389246411	9482.036003637346	10078.350431909572	13220.853896468936	21509.150653144123	
7754.433708174278	9425.230401033712	9516.014831874849	10117.60041087002	13287.929866199356	21649.654924583014	
7797.894256326226	9458.402847912548	9549.980261161394	10156.870083509191	13354.984427633037	21789.938178545875	
7841.324199357564	9491.574238444584	9583.94962607463	10196.112712505625	13422.024732917647	21930.253302922494	
7884.753020654926	9524.757561626808	9617.939682997825	10235.395530187583	13489.188154465415	22070.777178721135	
7928.2545006192	9557.927890458583	9651.891862088065	10274.639015464685	13556.209350695039	22211.122770581653	
7971.642988565976	9591.10667875116	9685.85687027851	10313.898498893828	13623.194969119819	22351.54670756543	
8015.159444143418	9624.276300626816	9719.830735135447	10353.150447053984	13690.256209641799	22491.974427307232	
8058.6356061640845	9657.449079088328	9753.793989675678	10392.370230929007	13757.358171837937	22632.36131147638	
8102.163028373192	9690.60679872341	9787.746975684506	10431.649239662986	13824.370344779387	22772.72143852045	
8145.518837005063	9723.791311073252	9821.726752064995	10470.982564313088	13891.517333771802	22913.03447335198	
8188.883419923383	9756.964421418244	9855.700404982337	10510.225191193433	13958.567565268899	23053.54356193268	
8232.397340048465	9790.12825580496	9889.654138408005	10549.461579673874	14025.639774332143	23194.097823552405	
8275.740265131179	9823.298042606104	9923.629718725118	10588.718065804193	14092.724667155171	23334.655070892135	
8319.242912125397	9856.468861205689	9957.611970487327	10627.959662594372	14159.793204253576	23475.098545911223	
8362.72413549661	9889.637776087395	9991.572213797223	10667.194345209382	14226.828214254912	23615.62540685539	
8406.14694436613	9922.808760500111	10025.537031925334	10706.44151994214	14293.821125644567	23755.944222693324	
8449.673841032114	9955.99498711894	10059.505855903064	10745.723631823303	14360.90272922741	23896.35026849218	
8493.098126473553	9989.173700549201	10093.495608797824	10784.983539163566	14427.967048237215	24036.853739456452	
8536.589026370342	10022.34958415248	10127.457726089071	10824.209068777394	14495.005083829035	24177.34372603328	
8580.076119638861	10055.520310281963	10161.41659438429	10863.437784714286	14562.110364181226	24317.724576997432	
8623.472801498163	10088.688782758003	10195.395580483828	10902.72393488592	14629.207587729066	24458.225094949907	
8666.88821308568	10121.87122045736	10229.368606844462	10942.048609681126	14696.21224281172	24598.810597735217	
8710.275503685009	10155.043441102798	10263.326246264909	10981.337437187722	14763.214621671843	24739.309826936587	
8753.747192017687	10188.225292196072	10297.297066071107	11020.577469618533	14830.226137410646	24879.693817353203	
8797.153101649254	10221.388460953578	10331.238749765304	11059.784555311777	14897.23320559794	25019.96069530922	
8840.575213125125	10254.565553316423	10365.221765953744	11099.021899164209	14964.311264684971	25160.540955963097	
8883.966061660418	10287.74658902361	10399.205807054892	11138.320781003154	15031.271734874188	25300.900229738334	
8927.503165544333	10320.921847537156	10433.170597850709	11177.563581058514	15098.325413606966	25441.36519253783	
8970.97404285583	10354.112556665637	10467.170801360406	11216.875931153583	15165.379835990007	25581.91042463857	
9014.608910716046	10387.276139418362	10501.139805595505	11256.118528430508	15232.419360955175	25722.22171988401	
9058.207549089544	10420.455846836516	10535.097805282996	11295.385262459899	15299.458160730996	25862.57423848552	
9101.623971705936	10453.628582289784	10569.080769527804	11334.609556340194	15366.492161991655	26003.00826702157	
9145.05801554381	10486.812851166187	10603.059028416996	11373.935032047417	15433.54173530608	26143.526691203326	
9188.545978893479	10519.982716708257	10637.017351108738	11413.13583131739	15500.581958462923	26283.950849742494	
9231.865612654083	10553.155972707546	10670.986289854622	11452.35719553267	15567.694706440478	26424.249471247684	
9275.323675315103	10586.333200477875	10704.976814875426	11491.663029911759	15634.782721949847	26564.5838422385	
9318.818851122804	10619.502039802212	10738.929765725255	11530.874932421495	15701.899056075692	26704.965789870366	
9362.22853728987	10652.672562767864	10772.895937323943	11570.068278224117	15768.974141629134	26845.44067974625	
9405.63819874702	10685.846995673584	10806.852322043405	11609.326456042494	15836.070645522492	26985.74873059066	
9449.064599897747	10719.010200390097	10840.815407675816	11648.613089457234	15903.119522949084	27126.134948676667	
9492.611016444878	10752.186438401355	10874.78529544159	11687.892513876177	15970.206446961565	27266.42793468464	
9536.096767869944	10785.362903794718	10908.742365245806	11727.143129379738	16037.249260116687	27406.823621712967	
9579.53442148187	10818.53718110119	10942.708847641456	11766.470217117521	16104.356474388867	27547.31015079921	
9623.006685426513	10851.71545142986	10976.675339378207	11805.699251504913	16171.440751945087	27687.56002582265	
9666.55792014491	10884.886986173442	11010.652856720517	11844.928801968917	16238.395191263277	27828.033787938966	
9710.032210791138	10918.067485445657	11044.625237468881	11884.207611565002	16305.475819688525	27968.37431646907	
9753.524523541933	10951.236148915898	11078.585493159548	11923.430806630857	16372.537439325102	28108.6978811674	
9797.115027133194	10984.393099950063	11112.53570318055	11962.606361045764	16439.65313465434	28249.132701088576	
9840.640449782242	11017.567447365544	11146.498794438343	12001.83329052393	16506.716312368906	28389.422321011032	
9883.990693252254	11050.744335361846	11180.471424417148	12041.095343525063	16573.701390238777	28529.71155995004	
9927.481270471611	11083.929325517978	11214.44621469906	12080.352074018223	16640.834697059887	28670.144860052344	
9970.79436885249	11117.111972124503	11248.418539505214	12119.570818731583	16707.910016492402	28810.59536564424	
10014.29201657781	11150.28788688853	11282.374690860757	12158.779747156192	16774.879726558054	28951.01794056547	
10057.675911724036	11183.465496144696	11316.34389365431	12198.029916040305	16841.98061688052	29091.464480477713	
10101.006705397169	11216.633598852044	11350.3127640381	12237.241613201937	16909.07724023514	29231.72133319174	
10144.516137262577	11249.811758436677	11384.293781376511	12276.48717166789	16976.146166187133	29372.291485509657	
10188.075257050436	11282.980130254735	11418.267451128817	12315.754174318274	17043.224920044097	29512.69135679608	
10231.586897536383	11316.159780203732	11452.26530755164	12354.985046292537	17110.168152993752	29653.11121928056	
10274.924062327731	11349.330570361899	11486.218168736681	12394.25929874964	17177.215657806417	29793.59857041596	
10318.444436394226	11382.494646339605	11520.169379653884	12433.451236496376	17244.233583916106	29934.057510640538	
10361.8830692301	11415.65774814185	11554.111998650214	12472.676041251285	17311.315773417828	30074.57481890243	
10405.333915116344	11448.815469575095	11588.08289401003	12511.905543548653	17378.437684079123	30215.0273974542	
10448.798773985505	11481.999254932658	11622.06309451569	12551.15331906204	17445.510651951678	30355.413579215452	
10492.339635599437	11515.162333136099	11656.015754183434	12590.398984790481	17512.573441344484	30495.595353344077	
10535.77347204068	11548.342409017729	11690.006322989057	12629.563512431178	17579.563418912436	30636.021991592785	
10579.233897362357	11581.53686268542	11724.009013484854	12668.790065319581	17646.478961431447	30776.501610271756	
10622.705212271783	11614.705422546775	11757.967220128498	12708.029602358354	17713.517632752486	30917.010389685092	
10666.201378259993	11647.875748866369	11791.934785253196	12747.272340573109	17780.514984685604	31057.236574145776	
10709.62875668191	11681.044153088267	11825.89496873267	12786.502082428862	17847.601450906863	31197.639831383585	
10753.022647089487	11714.217724709224	11859.853173046933	12825.756742483445	17914.660704389196	31337.928952115715	
10796.559540951208	11747.392864740701	11893.820649630516	12865.061009672578	17981.69565566646	31478.305855410115	
10839.977857033848	11780.548657045096	11927.763458100588	12904.297660021166	18048.756847922465	31618.828189919812	
10883.592027174253	11813.7248191947	11961.741731405577	12943.53227058806	18115.905121916134	31759.214493997108	
10927.14789798628	11846.898577790724	11995.70614091744	12982.750767792759	18182.925104262733	31899.566824609756	
10970.439631931897	11880.079981865398	12029.694591788273	13022.024276532336	18249.981708115734	32039.89339057244	
11013.936030559928	11913.256880239167	12063.667462843214	13061.275765639277	18317.0962341103	32180.326627313232	
11057.501879930875	11946.411653075416	12097.63160257414	13100.475945703847	18384.244042503295	32320.854800213976	
11100.965385657391	11979.578029792878	12131.587157244132	13139.755562405755	18451.24747815979	32461.129781554162	
11144.497659840526	12012.74393266592	12165.561294501038	13179.020265250238	18518.18796173597	32601.41965602694	
11187.944465589024	12045.924855086041	12199.534354207202	13218.282016901147	18585.345460927696	32741.816425767815	
11231.394903608463	12079.092502034151	12233.492802647692	13257.514827566101	18652.36019931534	32882.21942503387	
11274.88826435928	12112.261414088976	12267.450436111314	13296.723270757733	18719.36361572622	33022.75737678245	
11318.383674961642	12145.43724277012	12301.411815454754	13335.971073313409	18786.384216936225	33163.1234467288	
11361.883037336145	12178.610335902104	12335.38522041888	13375.204102073376	18853.45259601753	33303.50295426931	
11405.42056556941	12211.770676173115	12369.362202155813	13414.45780994309	18920.518940987382	33443.945388599415	
11448.78584972965	12244.936339313595	12403.315097572235	13453.699590886581	18987.608787229197	33584.24369569806	
11492.315703668788	12278.104932191929	12437.262130976696	13492.91676733949	19054.70417406394	33724.60332558128	
11535.773120911756	12311.283861608448	12471.231542783622	13532.17966347178	19121.843266439377	33865.06397141452	
11579.312686507641	12344.454252873531	12505.206276440342	13571.442907984923	19188.936155873103	34005.601691432035	
11622.689041864438	12377.611601236596	12539.164130281892	13610.70543043517	19255.969545195345	34145.924046157765	
11666.198717895173	12410.790114735786	12573.130980383039	13649.915874906445	19323.116961386986	34286.16118480409	
11709.671730397107	12443.963069021283	12607.105650517518	13689.111644670724	19390.16726724525	34426.67246590009	
11753.031216386438	12477.14672631626	12641.097875983682	13728.384511394146	19457.205693580956	34567.12723649016	
11796.403883901725	12510.325397129984	12675.078064459505	13767.62795906497	19524.233810402384	34707.47297894122	
11839.889862339256	12543.502363211526	12709.042692136441	13806.890215892403	19591.27478675762	34847.89304505108	
11883.418561747516	12576.669043582686	12742.988156298174	13846.100384067788	19658.36023796515	34988.145297916744	
11926.810486856562	12609.844992594986	12776.945752932901	13885.35949657668	19725.463673530754	35128.55072541264	
11970.179258161194	12643.006855703796	12810.920674558958	13924.591050721065	19792.500773753163	35268.884227713155	
12013.53331765599	12676.190193127928	12844.898711470314	13963.809314249651	19859.45279486742	35409.29014521646	
12057.026069569023	12709.36707331036	12878.88183408214	14003.044875864976	19926.462406867708	35549.681454032376	
12100.428728129802	12742.554238552839	12912.849058789445	14042.224792457864	19993.412880752723	35690.06265365619	
12143.942540955297	12775.743499337086	12946.825537501874	14081.457249703206	20060.430079571885	35830.37036495989	
12187.350447479757	12808.913462268005	12980.793976574045	14120.71204187029	20127.502625155637	35970.76602135034	
12230.935205802003	12842.075791319463	13014.72992224447	14159.940489810773	20194.52354282689	36111.30134903076	
12274.381187831317	12875.24341004067	13048.7086510304	14199.179804995325	20261.604301603056	36251.705251717045	
12317.846351642893	12908.418309629022	13082.66518721871	14238.41273748314	20328.700062966094	36392.16066688579	
12361.428438608986	12941.590592641542	13116.626962943985	14277.68820825865	20395.769960183967	36532.547611392525	
12404.8678930468	12974.757309980076	13150.582079914551	14316.92719971228	20462.782447825677	36672.877165151425	
12448.410664079007	13007.924156196852	13184.536490165758	14356.146020788508	20529.77888655335	36813.32196742656	
12491.935917383036	13041.08816979486	13218.492418072325	14395.37762100779	20596.809853407347	36953.798644119415	
12535.336171523413	13074.254987323415	13252.45865142234	14434.599213741094	20663.90866348027	37094.143850779496	
12578.86048642887	13107.449432923479	13286.445424319418	14473.862888712869	20730.954804401063	37234.56414753825	
12622.219964285903	13140.618841540503	13320.404341309624	14513.11896086476	20797.97294180923	37374.98422381068	
12665.767843507323	13173.798859409382	13354.371952867074	14552.336545349057	20865.032079662367	37515.28911167557	
12709.196757746306	13206.958903494558	13388.332103992145	14591.602124928091	20932.095819850074	37655.684684937594	
12752.67495830267	13240.13850218369	13422.319711317681	14630.865899208231	20999.181542448117	37796.193858882325	
12796.199416821584	13273.32251706859	13456.303363569668	14670.158325878938	21066.23964677453	37936.61337553398	
12839.657060057465	13306.49067335655	13490.250341344337	14709.403613589731	21133.298153335705	38076.939197989486	
12883.210567469612	13339.667994869098	13524.228122444363	14748.668024172595	21200.40010725006	38217.434415862655	
12926.677994181118	13372.831649067946	13558.203273068582	14787.908309240778	21267.430717812287	38357.84936923212	
12970.141775889993	13406.005738662236	13592.179835302828	14827.195561451541	21334.392486248285	38498.26361839955	
13013.732679293289	13439.159973354206	13626.142956550857	14866.394880880172	21401.450174964306	38638.63369267231	
13057.056191443222	13472.327984111549	13660.11524994385	14905.651977056223	21468.450791888146	38778.935657158065	
13100.575030559574	13505.499776799046	13694.066666655295	14944.874611915955	21535.465252791913	38919.36527445081	
13144.046554645827	13538.666019854694	13728.04656265356	14984.183781703665	21602.57788208522	39059.7007338185	
13187.47901224819	13571.83923556738	13762.020665604156	15023.396200667317	21669.653718425114	39200.02183931523	
13230.85553555286	13605.004529490676	13795.97372662793	15062.569605021945	21736.762392796	39340.54774666523	
13274.250311260786	13638.188629391263	13829.953153645378	15101.805223561461	21803.808450467084	39481.01958459462	
13317.829113047412	13671.352082167394	13863.921745953012	15141.069184265045	21870.839461662177	39621.3171933335	
13361.334153679054	13704.520682225682	13897.888740447239	15180.285476955954	21937.933449199005	39761.868933538455	
13404.803240302415	13737.688741124986	13931.868565536333	15219.53209399096	22005.025498321764	39902.157275775884	
13448.199045642046	13770.870236004137	13965.844734838865	15258.776168673368	22071.986354431985	40042.57635910366	
13491.622991931998	13804.043567606212	13999.802363998919	15298.01155397423	22139.032606507742	40182.91911834609	
13535.110395022893	13837.218658085332	14033.762873584436	15337.261854460672	22206.163536064545	40323.369997170885	
13578.735345686027	13870.391490771115	14067.744244542197	15376.534866858714	22273.30991070044	40463.802962366506	
13622.21801055887	13903.562404971843	14101.717667530076	15415.779434071776	22340.40824590871	40604.16174244221	
13665.693207345294	13936.744855913661	14135.687829198847	15455.026342432497	22407.437540740964	40744.559390047514	
13709.160251155858	13969.914715521429	14169.656702253467	15494.269295151002	22474.47656721228	40884.93127980374	
13752.593843577324	14003.088283282663	14203.60509979511	15533.509309382634	22541.55878460825	41025.44795931865	
13796.077829718262	14036.24661237989	14237.569188502694	15572.793183655036	22608.657713953144	41165.78804492625	
13839.616319662644	14069.419155568004	14271.541900781294	15612.032090965698	22675.744862453063	41306.08422452597	
13883.113734691113	14102.57999890822	14305.484610889791	15651.258960393401	22742.83529321239	41446.46633692838	
13926.565761572958	14135.747631403154	14339.449505917366	15690.472795896865	22809.900818773487	41586.98805888087	
13969.972723436655	14168.914156320037	14373.430005158458	15729.767374321911	22876.937987436064	41727.46726476285	
14013.304291954313	14202.077444714685	14407.40507223526	15769.034611058141	22944.044023502134	41867.92390865859	
14056.730394643786	14235.237802452026	14441.366742689508	15808.283140091145	23011.106129742944	42008.32702836426	
14100.27651247962	14268.41421531519	14475.329225087124	15847.522680495846	23078.188134873475	42148.64958135829	
14143.828902514531	14301.602117931643	14509.307504697677	15886.80030457697	23145.312621621695	42289.19835416371	
14187.249397531186	14334.769669497995	14543.272445601	15926.044131517243	23212.384333521804	42429.62291560944	
14230.725734265907	14367.93597666248	14577.231664552879	15965.257131160652	23279.551480646336	42570.186859963294	
14274.235125452573	14401.107532013086	14611.196336669536	16004.479858087609	23346.61984473944	42710.65964005419	
14317.81717131769	14434.288720393246	14645.161718243338	16043.728134856843	23413.677143692228	42851.077963144315	
14361.212374385672	14467.45223900282	14679.118248478366	16082.953326056297	23480.720221587573	42991.38186217361	
14393.982122479647	14500.628526905983	14713.078248808051	16122.170307527946	23547.769639017224	43131.78153931099	
14426.757992740926	14533.791428851377	14747.033225415336	16161.37394757293	23614.857395963674	43272.21482932573	
14459.52571153133	14566.959757387642	14780.997251213548	16200.572660842172	23681.898423639097	43412.64116454416	
14492.296959156112	14600.126082450513	14814.938555670991	16239.766973145688	23749.001770161125	43553.03976148837	
14525.080889086692	14633.31331138194	14848.924602658975	16279.026571868584	23816.101424853343	43693.38658936224	
14557.84718740609	14666.480583475552	14882.886677346143	16318.28729409989	23883.243057896285	43833.805458093826	
14590.62139982115	14699.656933897577	14916.867294155667	16357.471079899598	23950.16538657373	43974.19173669746	
14623.401220031943	14732.828816734815	14950.844193072851	16396.75431122711	24017.206291580776	44114.62461237277	
14656.172426313886	14765.983161877819	14984.793619822494	16435.953274761283	24084.233710980236	44255.14688312434	
14688.950886836757	14799.159514100862	15018.75884852822	16475.24407528804	24151.326839836067	44395.73943504895	
14721.719682682742	14832.335925840887	15052.734630612593	16514.504017146293	24218.445561649263	44536.237100219114	
14754.494591595201	14865.517294215491	15086.708470413701	16553.783551160825	24285.53720001356	44676.624257315074	
14787.263033389241	14898.683977175344	15120.666518758188	16593.029864918146	24352.614019601933	44816.997370845515	
14820.039607702536	14931.853634957599	15154.617435331178	16632.269887132472	24419.607150077303	44957.42276843419	
14852.802067988661	14965.013885156588	15188.576746478013	16671.491855120275	24486.689274231438	45097.83609920844	
14885.573561155377	14998.179085601185	15222.53519935662	16710.77044036857	24553.721331233337	45238.20012743938	
14918.339577381781	15031.3431150903	15256.478305277542	16749.975653608974	24620.75282998106	45378.64994221009	
14951.109982638169	15064.5219362704	15290.468847440367	16789.25886197777	24687.83626800514	45518.991871823244	
14983.885324669218	15097.679846940222	15324.419392512486	16828.492138751462	24755.03725304988	45659.591521564435	
15016.65949780947	15130.848034482	15358.384739776096	16867.7272092466	24822.120045009222	45800.078921795524	
15049.430607009814	15164.01980419889	15392.350343761527	16907.014478283367	24889.16391000758	45940.40458112935	
15082.201138418968	15197.19166219022	15426.313916284502	16946.259861653147	24956.299547757426	46080.957901358415	
15114.983914492146	15230.371089054255	15460.307353841152	16985.54731792229	25023.41721479624	46221.46878198212	
15147.753091756113	15263.540783723834	15494.275602442094	17024.80114952613	25090.450707481552	46362.02391068025	
15180.52095498977	15296.710075726109	15528.227598779677	17064.096532342086	25157.496632796225	46502.514786306725	
15213.28607751967	15329.886220165234	15562.195726741333	17103.319371147645	25224.510434330048	46642.95435886281	
15246.066372562953	15363.062547460817	15596.162152919942	17142.578797348015	25291.608691395697	46783.25793053006	
15278.849850555165	15396.240383773064	15630.143044071638	17181.84786063142	25358.64480750039	46923.29958639177	
15311.62863746888	15429.413928315558	15664.092117978122	17221.051538681313	25425.709221971963	47063.79151196223	
15344.399515466584	15462.585210879424	15698.039809352314	17260.26489883649	25492.72991386768	47204.096883302875	
15377.16692368689	15495.753224120654	15732.010956600634	17299.555190549963	25559.748546977913	47344.54418304486	
15409.945321833233	15528.928327422243	15765.982843350188	17338.77026514719	25626.740204690326	47484.97335640369	
15442.714514185041	15562.098984721973	15799.94664014048	17378.017129089712	25693.81304953885	47625.5118631807	
15475.484519733176	15595.281577260559	15833.926571931639	17417.280823519577	25760.891188968308	47765.93468147839	
15508.26522540903	15628.470675378172	15867.909179778992	17456.536962639788	25827.871006963625	47906.45458676661	
15541.037238238034	15661.64739639778	15901.88770157353	17495.738712057107	25894.843898115214	48046.95230647588	
15573.810380858515	15694.809384809843	15935.845804619561	17535.02136119089	25961.94418054294	48187.45766281843	
15606.58278073729	15727.993107650324	15969.836556323442	17574.233687455137	26029.0508393548	48328.02907277589	
15639.353492934613	15761.160118364578	16003.811788830175	17613.45616840212	26096.18988505494	48468.38856947617	
15672.123651553931	15794.324612128237	16037.778905468454	17652.722363288216	26163.229575291694	48608.85288377041	
15704.896751127419	15827.499376571754	16071.73950806673	17692.002993403148	26230.294670309726	48749.32500006532	
15737.674742524452	15860.67419029507	16105.705650500266	17731.220833429405	26297.32806391288	48889.75561278929	
15770.450524134449	15893.83871542625	16139.669955335798	17770.476665816546	26364.419474557668	49030.36285660832	
15803.230077207081	15927.010325307872	16173.637418255983	17809.714052996405	26431.438868942114	49170.78485159111	
15835.993804499734	15960.182332766817	16207.593671676981	17848.957273200904	26498.451102263036	49311.359297066	
15868.755217076668	15993.344883199106	16241.550732859918	17888.166986282376	26565.530701078886	49451.815075815226	
15901.51970358908	16026.497959916302	16275.507666729025	17927.39458856775	26632.55373885817	49592.25544240794	
15934.285253149725	16059.668089601513	16309.470736904332	17966.666500670726	26699.719079853803	49732.6654645408	
15967.061990323402	16092.852975083531	16343.451091922347	18005.921126675916	26766.7045116117	49872.974334615705	
15999.832643670272	16126.029961057135	16377.424584802962	18045.184406729124	26833.79970876998	50013.49651153244	
16032.614506462174	16159.202572191563	16411.39809493042	18084.430520143225	26900.859341121657	50153.87286756346	
16065.387752726181	16192.376603855166	16445.37268875997	18123.64920163235	26967.93018420633	50294.15348919263	
16098.16024835974	16225.544319086865	16479.340948235087	18162.916316551826	27035.042985463886	50434.6517165514	
16130.937654567848	16258.713930155152	16513.296883425875	18202.097059771113	27102.077370040366	50574.972084410896	
16163.710553927585	16291.881822823712	16547.255308404427	18241.294476317158	27169.24750808395	50715.33818286071	
16196.485220091676	16325.05204391565	16581.214767344565	18280.557167202383	27236.26880051347	50855.657062427395	
16229.265925905276	16358.237112702505	16615.195707267547	18319.815894042727	27303.370134911096	50996.10532738449	
16262.037809330304	16391.399645309066	16649.151906961964	18359.061809764084	27370.442254861555	51136.53166773176	
16294.81274373752	16424.581321101952	16683.12290125327	18398.26170453142	27437.53346453635	51276.870968284275	
16327.591898820525	16457.764136512247	16717.110017521314	18437.545526101916	27504.56661133199	51417.20236227155	
16360.367150094737	16490.94576925097	16751.08071711086	18476.781385996655	27571.64563087299	51557.48705126467	
16393.13357804621	16524.102149441747	16785.059624772075	18515.98195977337	27638.65946202008	51698.02736147194	
16425.917515258127	16557.284086424766	16819.05043399906	18555.236172207715	27705.73755532281	51838.527354535676	
16458.69230604603	16590.447326606958	16853.002609759806	18594.479248147923	27772.761622728416	51978.91111220838	
16491.46113331135	16623.614177300442	16886.960054826162	18633.738589107055	27839.84477205667	52119.270840152574	
16524.238271533704	16656.797052272897	16920.935893903006	18673.013169605285	27906.86156188661	52259.713841937904	
16557.008485684517	16689.965839062832	16954.903203324757	18712.28365426604	27973.96433906392	52400.11772349455	
16589.788262088674	16723.14634442079	16988.8549607848	18751.55324742036	28040.983836066538	52540.69614555353	
16622.55381697333	16756.30717214133	17022.81483878166	18790.733513857416	28108.079690402865	52681.16517071627	
16655.328089292532	16789.475793800033	17056.78139474234	18829.965727580777	28175.153410043156	52821.63146050101	
16688.09656728775	16822.642365771688	17090.74135430356	18869.187265476376	28242.119832534914	52962.099873704894	
16720.87470775442	16855.818238316533	17124.71184030484	18908.464890936488	28309.119003814518	53102.60218574136	
16753.65084667579	16888.983167849678	17158.677923600608	18947.69849201264	28376.268521277074	53242.926131333814	
16786.423844920915	16922.156792424492	17192.6408178865	18986.949040806874	28443.327841632057	53383.21424943251	
16819.1921088584	16955.32600309579	17226.602150786086	19026.153368718635	28510.38905863763	53523.68099630942	
16851.96266419195	16988.50069739172	17260.583584606327	19065.419375775076	28577.419966849302	53664.14608543136	
16884.734130958383	17021.66601728859	17294.543245117467	19104.653024124324	28644.495435615492	53804.72262728262	
16917.505419470086	17054.826497280214	17328.48563628396	19143.827502245924	28711.42720254215	53945.19885992598	
16950.27950054538	17087.995765865006	17362.455279823156	19183.085259136336	28778.535652403967	54085.577045443926	
16983.045483479877	17121.15581230071	17396.401996532444	19222.339415317536	28845.587642101233	54225.949232470244	
17015.81964183036	17154.326473168032	17430.3803096773	19261.59679998918	28912.645880542314	54366.5221609401	
17048.59163065114	17187.50237323437	17464.362896695056	19300.84994122348	28979.70080897317	54506.92451409913	
17081.36776790333	17220.66717449455	17498.31175295532	19340.096451215682	29046.68917890324	54647.2617222257	
17114.13810069711	17253.836847715862	17532.2767745906	19379.334976195216	29113.7322342195	54787.838151766686	
17146.90925585648	17287.011028371388	17566.247957243173	19418.683728803862	29180.75699669189	54928.208397484545	
17179.68693146254	17320.194189103346	17600.217368547896	19457.927418549087	29247.85868716298	55068.55972171268	
17212.46256767353	17353.36462402621	17634.168975688768	19497.16626391729	29314.79191020662	55208.87421387386	
17245.22860444977	17386.52912458503	17668.131327327457	19536.40644440257	29381.909337643912	55349.420478321714	
17277.99368331534	17419.69421131255	17702.086799844397	19575.68285463562	29449.044876528686	55489.85955942697	
17310.7702282687	17452.876968377317	17736.067800525918	19614.937890536126	29516.07472414675	55630.32378550605	
17343.542927152557	17486.041941497933	17770.04039492601	19654.161621786618	29583.167336452185	55770.671219115786	
17376.312457144042	17519.193732181055	17803.985388895897	19693.418345777274	29650.226699116363	55911.133606620155	
17409.08345089343	17552.367725959804	17837.964090714373	19732.677613228647	29717.29768540894	56051.531831572494	
17441.862629859075	17585.538696220792	17871.926308850874	19771.9096402729	29784.398749001317	56191.86124870214	
17474.629507954607	17618.706046849096	17905.891838642357	19811.174393720223	29851.4528991641	56332.17061803819	
17507.407468184418	17651.885098833394	17939.874510582827	19850.39888432889	29918.46562641043	56472.57501885746	
17540.17720706193	17685.04808648	17973.835593625907	19889.649608464286	29985.632636869508	56612.96699343098	
17572.95165381744	17718.226115201538	18007.80529403321	19928.923197077725	30052.784817493615	56753.23442900467	
17605.72944714236	17751.40832538902	18041.783912414714	19968.21438736416	30119.829364458554	56893.634596096206	
17638.508048378928	17784.586227674907	18075.766713944504	20007.469177562823	30186.931875201	57033.97932274141	
17671.284861156048	17817.759167364162	18109.748276559618	20046.758695372035	30253.964595656955	57174.27652949847	
17704.051017693368	17850.928196370936	18143.719031092594	20085.997777469463	30321.011162508334	57314.740943336976	
17736.831534490924	17884.111306301867	18177.689984977358	20125.25805026228	30388.009784896185	57455.20215415904	
17769.611842054677	17917.292318660613	18211.655526287886	20164.526790246622	30455.01744921301	57595.58097974442	
17802.39227608585	17950.470412613166	18245.61765876887	20203.76411646358	30522.14514865306	57735.91478636336	
17835.16501934638	17983.65054102263	18279.599792399058	20243.06160771939	30589.186896112897	57876.314288965055	
17867.93880886155	18016.819956025298	18313.563456053504	20282.33959435329	30656.298580201088	58016.90164947484	
17900.71378261427	18049.988883276783	18347.528740111473	20321.602398915762	30723.40229634125	58157.26742898455	
17933.491624466176	18083.179934057254	18381.52374037949	20360.936720428002	30790.481547451458	58297.82791506862	
17966.260799931166	18116.35510907376	18415.483990458502	20400.228512321533	30857.54955917644	58438.182781782016	
17999.03081816615	18149.530267490878	18449.45256650189	20439.46139103439	30924.614717537763	58578.527267799276	
18031.80503680105	18182.698396477837	18483.414783155204	20478.71756213785	30991.67720504461	58718.87993052753	
18064.582727704717	18215.871202132217	18517.372862133674	20517.986214769153	31058.727940974528	58859.15708913881	
18097.356283283687	18249.038364626555	18551.346338087493	20557.21836481478	31125.8283249578	58999.663109981986	
18130.138469946716	18282.21333728358	18585.302508599176	20596.44802964125	31192.9827328647	59140.047855624434	
18162.911276729446	18315.403933518814	18619.280913300685	20635.670666159633	31260.110238368336	59280.43529005153	
18195.677799304303	18348.58123570867	18653.265328695834	20674.919882779195	31327.21746500986	59420.80746655233	
18228.452672349464	18381.759276693483	18687.254811341616	20714.172878689067	31394.295272763175	59561.17006359137	
18261.239829128477	18414.942049776433	18721.232682434078	20753.437138562953	31461.251974920237	59701.52152026892	
18294.009426452503	18448.10832502852	18755.1992260548	20792.669087573133	31528.290618221985	59842.13690326652	
18326.78059888136	18481.280704982975	18789.186362533528	20831.939796634197	31595.377682850984	59982.58541563624	
18359.545340552093	18514.441843205215	18823.13665893277	20871.124089174333	31662.39783344982	60122.98679350121	
18392.324317704904	18547.627865300226	18857.118266636735	20910.366596384596	31729.385968610306	60263.460291287316	
18425.099532578402	18580.81082522018	18891.08633386549	20949.597126375174	31796.40298474226	60403.959822434124	
18457.878615005535	18613.98612685079	18925.058169323158	20988.808124236522	31863.375235834203	60544.39363124083	
18490.65334613543	18647.161586072765	18959.03174114456	21028.03296583347	31930.415785252102	60684.76493525867	
18523.42408946592	18680.326675467553	18993.006503749824	21067.27508305738	31997.459426305824	60825.138062739796	
18556.193193974508	18713.49535977452	19026.974761651178	21106.53093166674	32064.484465083395	60965.63492627235	
18588.9681022948	18746.6678311523	19060.93225342917	21145.766478636455	32131.437283640666	61105.89580280987	
18621.739638173127	18779.849149309826	19094.89175136725	21185.021881038567	32198.45104872492	61246.27197543102	
18654.51703371109	18813.01675647459	19128.853721040803	21224.303461997162	32265.432530798018	61386.55565382008	
18687.295839589762	18846.197156179594	19162.820571464716	21263.621018453607	32332.516672286045	61526.89282224129	
18720.06608681706	18879.373559534186	19196.788586547482	21302.889789655248	32399.669230175852	61667.194984374466	
18752.841464354344	18912.545966594727	19230.737188253734	21342.11063316074	32466.66125562493	61807.56296900793	
