times
0
147.25127182083338
275.8339566931347
388.42316045365857
486.40482078800636
577.4364875436851
664.0725550388457
745.7409526870621
825.2601485490262
899.1950801918623
968.703438221032
1032.3856428494628
1095.6760693676272
1159.055491628427
1221.491266079092
1278.577751168905
1333.1821665412974
1383.7990393308278
1427.9754123216044
1470.4121776114634
1512.7793273172474
1555.1145977809613
1594.8777285771196
1626.3843638022402
1657.7625557878116
1689.4733184851723
1721.0378034976013
1752.5846858501402
1783.9885742170275
1815.6315393011348
1847.377471506377
1878.7975779414394
1910.1752695266161
1941.6130880128032
1967.7721661608002
1993.5022202058615
2019.245236464982
2044.894705236897
2070.257793009049
2096.2169843933584
2122.07178830198
2147.7346605278863
2173.4546711833864
2199.507994563387
2225.1263782796773
2250.8381302714806
2274.784821833397
2294.4058650924458
2313.95092504339
2333.4215149811166
2352.9386900600525
2372.617363685517
2392.070993581269
2411.646379767961
2431.1043958326222
2450.5546493004463
2470.0878839060156
2489.732495254975
2509.1324920171483
2526.421373645041
2537.8782667744176
2549.3574008903333
2560.7667804097273
2572.198352454362
2583.6439229571706
2595.121287582855
2606.7013620175235
2618.244757034881
2629.7602027405333
2641.22405517552
2652.6685472311246
2664.2070066933134
2675.66360237757
2687.080232308703
2698.5245652959766
2709.9862978185347
2721.5271444287073
2732.9840998386953
2744.4399318735796
2755.9609878978113
2767.3494777707956
2778.915014751228
2790.4257287133914
2801.8772304457734
2813.355221615951
2824.8427078940517
2836.246671198275
2847.7847036109833
2859.279725201334
2870.6750518753684
2882.1704760819275
2893.7358472851647
2905.1729447660223
2916.694893767767
2928.1706499116276
2939.5742509386123
2951.19693259956
2962.7312548557097
2974.2453754094163
2985.667696449937
2997.0911564602097
3008.5642919933525
3020.0639783326455
3031.5630553577344
3042.9400274663667
3054.4988557747088
3065.996062432092
3077.496547829885
3088.9015333652123
3100.3988078816787
3111.912875346273
3123.3301555468142
3134.7908645770103
3146.3139167427007
3157.7406117760543
3169.2370368876386
3180.718170439236
3192.212733415447
3203.6960974165377
3215.0936431112673
3226.5290713302584
3237.9138836423826
3249.456469135147
3260.943876833438
3272.412453635199
3283.8543762061286
3295.412807881398
3306.875162241093
3318.2876685956508
3329.801462007838
3341.2783993990897
3352.8542204395126
3364.111769618822
3375.63807350088
3387.137121384557
3398.5844251424237
3410.0891242614757
3421.63375108449
3433.1431867781603
3444.5803929901335
3456.000531237706
3467.514017916062
3478.9912540108826
3490.519299509039
3502.0268188397436
3513.4481584911755
3524.9246646000083
3536.4554947584675
3547.848717923573
3559.340731230045
3570.896047417075
3628.2634467206494
3663.8543885571357
3690.896371184478
3717.8470437287647
3744.91999164619
3772.060069585864
3799.151574656001
3826.2528052783773
3853.2921545006484
3880.3521168183197
3907.3421302850174
3934.424983475856
3961.512080299606
3988.591681447757
4015.6253848789092
4042.6424915952807
4069.750549404294
4096.851562979373
4123.957701149468
4150.969795847411
4178.020554977111
4205.087404818779
4232.186028094767
4259.126079053179
4286.154329287262
4313.26473962342
4340.273965310715
4367.451610116551
4394.452833872612
4421.605934524624
4448.635789346039
4475.75997099222
4502.8051405589795
4529.795181668259
4556.869350068984
4583.975682086979
4610.986932718388
4637.979395518373
4665.035168624575
4692.137904565267
4719.122549597865
4746.225359265085
4773.299052896251
4800.4098742492415
4827.506852580199
4854.5195453733895
4881.559873060529
4908.6531238241105
4935.666825905021
4962.714626847564
4989.766432200383
5016.843752370608
5043.886158786282
5071.042113318122
5098.069921762494
5125.116285170975
5152.183113473344
5179.3597811085465
5206.4211971780605
5233.454852794317
5260.599938960049
5287.635295507561
5314.619674617348
5341.58972184861
5368.635412608359
5395.665208098396
5422.717636310509
5449.752532371221
5476.801517836795
5503.784476118126
5530.788368798778
5557.834688874977
5584.901567510467
5611.854698246833
5638.8796682446955
5665.918065391189
5693.002021517744
5720.055043296928
5747.063396897251
5774.2049478782465
5801.265123165383
5828.294061560567
5855.339623858323
5882.419949457909
5909.374686665853
5936.4654778024305
5963.50252237539
5990.515937550752
6017.52703079187
6044.570228270646
6071.645540507622
6098.704831310524
6125.73039608385
6152.713345559657
6179.7809199494
6206.841502115609
6233.888817851433
6260.953228252452
6288.000275516621
6315.104765588
6342.162824522407
6369.198584205561
6396.26701866476
6423.3352447071675
6450.418589068257
6477.489423880033
6504.589214772332
6531.646929189948
6558.761526552437
6585.781084676662
6612.822492989742
6639.937750193092
6667.031940709238
6694.201538713768
6721.284895835015
6748.346510144149
6775.275394245367
6802.294903376045
6829.321827254017
6856.324517635222
6883.418273111884
6910.442383807571
6937.458175485461
6964.522962053461
6991.58747790836
7018.588015592507
7045.602825112885
7072.6575626296
7099.682569347998
7126.692501703151
7153.780499571142
7180.806685728767
7207.845908013938
7234.856512056197
7261.876496198371
7288.940451789264
7315.962042676416
7343.00390391712
7370.0599247701375
7397.091463702702
7424.0460710473435
7451.10165411022
7478.199089516573
7505.2324351339885
7532.257489112718
7559.3028646106895
7586.336080483878
7613.427776825674
7640.432079000198
7667.412798446883
7694.462011432027
7721.51406676674
7748.540763440499
7775.607564893282
7802.6223507599325
7829.70635668411
7856.756715908248
7883.746012658622
7910.828983920004
7937.840324057749
7964.947648595598
7991.99227100384
8019.076634719168
8046.138679719445
8073.200251316164
8100.290686982606
8127.292072068533
8154.402440825057
8181.4388357349435
8208.472164371527
8235.495124599845
8262.562688630103
8289.621501812528
8316.705758110296
8343.790565517022
8370.787313940415
8397.847490482152
8424.896658371412
8451.952316089797
8478.917799039818
8505.901523517621
8532.949104441977
8559.964238046654
8586.970077920316
8614.035427244182
8641.145672634511
8668.195129507552
8695.337260814802
8722.438418128315
8749.53009622278
8776.56354047081
8803.647058988287
8830.6622989851
8857.781657934096
8884.786113106027
8911.792537632393
8938.832664701777
8965.891534374223
8992.917162227204
9020.020545542391
9047.098392454174
9074.171011957062
9101.255993109502
9128.275688946715
9155.308202421735
9182.314606425596
9209.402708979545
9236.464606480138
9263.478513947679
9290.534973460157
9317.58716716075
9344.696977855041
9371.713971379904
9398.79516179727
9425.765730563035
9452.751572750813
9479.765267179075
9506.904420084007
9534.005762512623
9561.125009147205
9588.175508664663
9615.241465166107
9642.27833159459
9669.333979245894
9696.404613028875
9723.457636146126
9750.443185868384
9777.496319990807
9804.540545613978
9831.598105165613
9858.67338297623
9885.718832329932
9912.771830370515
9939.815500801513
9966.862798307093
9993.902405049015
10020.996671457327
10048.021504592713
10075.026240164305
10101.998665987581
10129.070190322687
10156.163250469961
10183.250418777683
10210.342377371951
10237.31460903024
10264.318026753488
10291.362781418036
10318.428616419344
10345.473561140274
10372.570850269223
10399.607433417521
10426.706871972405
10453.747504336532
10480.770629339362
10507.798519819331
10534.829881014675
10561.849631571235
10588.896384943093
10615.898669235019
10642.960867836327
10670.04525423949
10697.098135742026
10724.11141945804
10751.083431167477
10778.141747697195
10805.186692373823
10832.213703971722
10859.308670597411
10886.38041890283
10913.479596151177
10940.502769782699
10967.557323578838
10994.594625408954
11021.62563520958
11048.593103126937
11075.63300571126
11102.640627863837
11129.721519341496
11156.783577648313
11183.844145290108
11210.937999399948
11238.023484235771
11265.127024432219
11292.220415165248
11319.252845632116
11346.307059870342
11373.410086468
11400.428142550842
11427.50584801701
11454.583945495086
11481.618488569
11508.635253193954
11535.676376768786
11562.746821154184
11589.871364401877
11616.962748593103
11643.983234760532
11671.05146279108
11698.115006392713
11725.156765080757
11752.192128151795
11779.30232445735
11806.42535969787
11833.461414212823
11860.541463195103
11887.569860674597
11914.608165681575
11941.582497892985
11968.634877397746
11995.583900674243
12022.59335937079
12049.628928293036
12076.655948187145
12103.722102193655
12130.820256833713
12157.828385891316
12184.845552173685
12211.918315820345
12238.988637866629
12265.956350091908
12293.047202375035
12320.162646545503
12347.204170215184
12374.281904327894
12401.30488111838
12428.493999776116
12455.477749814174
12482.429337029213
12509.453657966029
12536.540114783922
12563.61074820066
12590.651558328887
12617.812101444928
12644.799988429639
12671.907403742389
12698.965069368518
12725.94635878973
12753.004564567906
12780.038980656209
12807.170016785094
12834.228643307724
12861.24574707487
12888.310952591517
12915.38924085835
12942.449251789763
12969.523109710564
12996.595177562147
13023.722416140103
13050.863953090662
13077.916542729165
13104.982225143029
13132.088138295176
13159.181868215095
13186.177961168427
13213.220960757924
13240.278999896655
13267.331554373923
13294.368618638779
13321.41270785991
13348.463977797757
13375.59305972573
13402.731317325051
13429.753233657932
13456.856815041208
13483.989218557326
13511.069590626841
13538.086194990277
13565.110203659884
13592.152922247687
13619.17587766849
